1 10
100 200
201 210
900 1000
1 1
1 2
1 3
1 4
1 5
1 6
1 7
1 8
1 9
10 1
9 1
8 1
7 1
6 1
5 1
4 1
3 1
2 1
28 29
29 28
1 100000
100000 200000
500000 400000
100 100
1000 1000
10000 10000
999999 999999
999998 999999
999999 999998
800000 700000
555555 666666
50000 100000
40000 100000
30000 100000
20000 100000
10000 100000
1 100000
100000 1
1234 5678
8743 1348
23 34928
32741 3824
483 342
118 119
3424 24444
1434 473
41 3428
170684 561490
83783 96189
9171 55554
19822 40417
79403 66159
21970 15086
69681 71764
86060 98378
7330 89007
48569 44435
35310 50538
30579 76333
91410 13719
16818 89973
4518 12059
11349 96281
72073 91257
54656 18343
15447 82946
38234 84193
48862 53509
74466 79560
80979 20230
7924 94790
72662 776
94461 54712
79160 35912
93590 16825
79159 90868
67326 19226
63352 28686
36005 7310
53795 59826
60103 79472
20110 23136
27531 86805
21839 79772
19627 13607
55547 31822
17364 14505
23872 76330
17420 81761
97687 15719
87583 23681
57323 56775
34264 14366
27867 41138
32222 67364
92183 69683
56644 37345
20470 10748
92616 13479
40323 56168
43272 82247
40359 21647
52914 183333
71250 529474
427665 532513
48777 503466
75104 860634
70442 809690
41770 112755
218712 299917
134949 199477
2196 284132
314960 274960
