26105 33061
1241 23254
1388 29468
18304 27495
6567 22084
8939 48422
6916 41090
8925 46611
12465 48590
20197 48283
3078 10711
5414 22775
41720 48132
12673 33215
40934 43409
23000 37942
18337 35406
18480 30047
7515 10545
8821 46543
17939 30710
19143 47119
7825 17242
39267 49774
18882 38542
24141 28925
2913 19393
32166 39112
10178 32068
38901 44181
25500 42472
10529 30626
3621 22557
283835 303089
138985 316272
12738 334633
121057 301865
381040 382689
227620 478620
19676 358931
130699 181920
215632 251265
392308 444956
73667 79516
51200 131883
127376 477170
10710 355822
160438 486138
202214 347500
384665 480281
289849 398723
138010 203925
179706 466847
14212 256522
45786 421087
31019 163201
122599 126570
388757 408510
63622 175385
90294 174689
75561 421102
34380 350897
92519 187407
278766 428325
144274 378103
342878 354483
105964 898061
609192 937154
769321 839078
213256 245638
287574 438260
122343 297673
229933 954712
156556 841908
138990 626078
476612 675199
317462 358789
468641 623645
782892 916880
664312 878537
411887 676581
220548 577883
156841 553180
697322 992651
681465 720293
478245 941417
439371 752515
180407 985026
193745 660572
214547 602406
452610 544965
322917 362998
610851 865861
274945 914856
346495 799430
120588 313991
468369 839459
537639 939813
704339 715049
439513 820801
