1 10
100 200
201 210
900 1000
762 46246
33010 36303
98921 214749
767676 73737
72727 63535
99291 63636
5362 7476
82765 73637
12 7878
646 6362
827 8282
8484 9282
7362 92737
7272 89287
6256 8218
6362 62162
71713 73625
56236 72534
82735 72636
62543 87654 
45342 74635
92646 80000
63452 54231
64789 86352
9876 5678
4253 6534
6453 2314
1 877 
6343 2542
1233 6522
900 1
777 3
653 2
877 678
6432 7262
7736 7364
8327 62627 
52416 6767
4523 8787
83272 7872
9889 9786 
98764 8764
123 123
12 12
13 12
14 19
5352 8288
1 7867
6 6363
525 7346
6362 8928
6216 8280
5251 6362
8737 8263
8372 7827
92827 92737
8288 55252
72639 71636
82867 921737
6362 7272
6352 7171
9383 6161 
71626 81717
81863 63626
76376 92828
72727 27377
83727 72737
62277 27727
76262 27372
62822 27276
72727 27277
27272 78272
98932 32234
23424 24234
24424 23424
24423 88787
73897 89727
23234 23424
24342 23489
13232 23422
23222 42344
12235 67746
76283 72842
62646 67236
63276 53767
63710 63717
36276 66272
26353 62732
62727 26727
63722 57625
63782 26282
26836 26736
66278 26782
62288 62727
72727 72727
72828 63765
67372 61781
53622 56272
67272 45143
56262 62722
15522 62562


