1 21
8 84
27 189
64 336
125 525
216 756
343 1029
512 1344
729 1701
1000 2100
1331 2541
1728 3024
2197 3549
2744 4116
3375 4725
4096 5376
4913 6069
5832 6804
6859 7581
8000 8400
9261 9261
10648 10164
12167 11109
13824 12096
15625 13125
17576 14196
19683 15309
21952 16464
24389 17661
27000 18900
29791 20181
32768 21504
35937 22869
39304 24276
42875 25725
46656 27216
50653 28749
54872 30324
59319 31941
64000 33600
68921 35301
74088 37044
79507 38829
85184 40656
91125 42525
97336 44436
103823 46389
110592 48384
117649 50421
125000 52500
23409 132651
24336 140608
25281 148877
26244 157464
27225 166375
28224 175616
29241 185193
30276 195112
31329 205379
32400 216000
33489 226981
34596 238328
35721 250047
36864 262144
38025 274625
39204 287496
40401 300763
41616 314432
42849 328509
44100 343000
45369 357911
46656 373248
47961 389017
49284 405224
50625 421875
51984 438976
53361 456533
54756 474552
56169 493039
57600 512000
59049 531441
60516 551368
62001 571787
63504 592704
65025 614125
66564 636056
68121 658503
69696 681472
71289 704969
72900 729000
74529 753571
76176 778688
77841 804357
79524 830584
81225 857375
82944 884736
84681 912673
86436 941192
88209 970299
90000 999999
