179495 113951
649994 168275
777094 546619
795704 742514
840560 93684
944502 359853
38494 870183
643264 648237
61808 487615
306252 863010
230883 981379
820112 375558
989493 923958
966206 245796
439571 578532
24349 678781
924379 995798
642186 355567
919256 632568
720490 180788
945585 333005
689140 378550
877598 730143
838610 256159
227512 303533
101613 843862
526530 491300
273761 123479
194280 457566
502805 637275
941464 306273
562855 155207
701875 338087
846345 856815
433268 83404
334602 854810
636697 553726
482834 321199
332650 659837
573125 6854
795044 424760
162045 551029
833637 463033
367798 97548
72239 283841
703264 679752
569825 441052
445716 570987
357331 661317
61372 309987
665542 848751
500181 612788
955337 992804
495679 291107
858383 916122
68717 546107
257551 421468
634236 477420
536732 64613
805158 758690
276931 514864
355827 912511
621585 636315
294280 215604
308459 727422
175341 484258
121781 852756
911841 697971
37040 654969
528471 240515
169191 205975
598527 616352
138387 599779
845490 890681
954324 467453
670277 156475
156620 680334
693838 149690
517115 483306
631955 932221
733855 907695
885162 343468
48367 848937
921232 340302
534986 703258
254968 63531
53552 30624
393833 339300
324278 794374
567231 706342
718172 848666
265806 94618
189991 557966
528053 36173
535083 913260
762056 883582
920224 456827
913332 288552
957211 384916
997384 35754