6359 2446
18931 47133
48117 40774
32007 28032
48744 32040
16938 7883
46781 21929
3099 7475
35694 26409
23705 13263
22542 16363
47126 6109
25243 38288
27104 5179
14773 22099
3223 40624
34248 36919
6865 11401
39413 3993
22533 37336
6471 21288
8246 8112
10752 4747
14945 16958
29382 27959
19742 40972
22634 6598
30944 35206
24216 49486
21734 13551
21765 18988
3157 31449
36946 41550
44582 42488
9941 30861
44930 7529
22830 30508
2145 19301
18485 43745
45589 24264
47547 21047
23401 17256
34030 34156
2205 9464
11233 28798
49380 2869
6534 20173
25134 31870
31652 17795
17169 7256
6653 12257
19940 23772
25577 4436
12189 25126
30680 46310
3163 45220
5971 8843
20738 1122
13359 23418
19478 23270
41113 13751
30443 32892
1579 38645
47925 46630
17628 33974
3095 35615
5968 36393
33410 11072
5814 42473
33105 23713
45211 36144
7320 42523
22409 4267
4067 28222
10293 18638
39232 45070
25357 22774
41299 11153
44057 14973
25762 20665
39905 38150
33847 20164
17919 28513
43201 18574
27447 29589
16888 12703
5116 26842
32789 47393
42251 32263
23767 15659
47494 16064
45909 37476
5928 23820
47753 47792
35581 27447
43312 6148
17160 20143
11255 43012
39416 28000
40467 14941
43596 18521
11550 2422
34503 6611
5779 24326
48500 49254
21865 44392
20202 30298
6638 39031
21319 8384
18505 11581
5719 18170
7995 44583
7382 47770
44800 34681
47807 8754
37651 38869
18516 45305
34593 24614
41029 17698
13481 5283
7920 35750
5819 3827
12814 24878
44533 9342
49471 3702
20049 30102
49894 41174
8621 30858
39909 45089
11167 30222
2430 43969
30747 25921
32153 44539
40681 35218
23761 6861
47429 34191
48792 45675
17271 9197
9643 28486
6468 2927
34217 3727
45476 5314
13745 4446
27016 13226
9231 42266
23141 4437
12936 38934
43620 24595
45825 11492
33888 15243
45386 48550
156 25327
3787 42999
15171 8307
18498 27924
37888 40603
39874 28853
19655 23536
1299 34592
5891 46951
15936 25944
30204 9142
13026 9051
44378 40085
15562 20823
18070 43064
33769 35402
49331 40704
38013 36435
30483 5116
45562 5145
21873 25199
213 8611
5910 26274
10771 20988
16458 2857
27355 40335
3290 23228
41450 9417
32656 13937
31322 34155
39868 790
38996 30808
2376 33822
28503 4196
41098 18642
15679 32853
6781 4154
38398 5735
30061 36869
13233 35562
29416 39065
47184 39676
20 1429
30399 9698
44498 2232
31049 19868
6989 48348
27921 32276
7408 43601
33235 29270
43397 32866
36353 12376
605 16586
31905 8922
23375 44819
6692 882
46048 28463
16172 17405
32676 46223
38234 39273
13958 47719
14272 49396
41307 37511
34301 24156
36381 44035
30838 36181
7056 49869
25229 7801
24771 552
42981 15630
35315 17819
16445 46684
46393 43969
37054 741
25918 15217
6710 36843
8112 11286
1102 23752
24828 16555
39836 27848
39992 44794
6383 40085
21365 46421
1706 22179
33859 48430
48736 15212
22391 17778
2945 27659
39888 35527
14623 25583
8921 23610
2267 30301
11302 31670
21206 33274
21335 22882
22218 46062
428 15810
45151 40935
44884 166
32939 22820
8447 42639
49746 24789
13141 27780
21070 49612
44587 14019
14577 5384
32212 44426
21863 47442
36316 38080
49170 49010
14686 45264
11477 9490
45047 38459
39620 30888
21046 6344
22826 29126
48062 1581
29553 47112
33909 27843
31901 36090
46448 36664
1804 49225
6302 40383
25975 37448
45048 5305
2387 4110
28562 7625
29177 28707
32574 35295
15158 21206
19805 2131
30282 16423
7755 12707
47461 12275
12591 44090
29412 33982
44086 26977
31147 18301
34404 46924
9701 29154
10934 14829
30211 14641
32357 3584
1244 16478
38893 2245
19629 15620
13567 30748
42972 34973
10007 10776
3910 40601
20870 12054
8401 19676
8264 41990
36393 34010
952 35390
679 15382
4652 24712
33407 22503
14547 48722
6728 37382
26545 34326
33234 6921
36114 38366
16394 14725
20645 29097
32102 39041
33080 17289
13119 3978
41259 32202
6374 37465
31401 46743
28302 10964
15566 15201
23919 44383
24347 33585
42209 38765
45414 6037
39388 28002
8162 48094
11591 31410
30509 6567
20359 2878
12241 25934
36633 28814
47448 27469
24032 42279
5462 5370
13085 6904
49790 11814
1035 18393
27941 49823
13376 20368
39028 34766
17246 9470
36137 49114
17583 31979
33670 32253
4652 42528
22847 17359
29605 34677
27506 5274
27424 28913
37837 973
16186 24088
22532 45053
20968 39591
23204 8649
5284 3637
38673 21454
47302 31533
9452 13795
37667 29492
34090 6942
40181 48715
20236 12687
2679 41019
24628 35808
44315 32797
36720 368
45140 14135
28557 42143
24997 33788
40964 25535
28993 46641
48311 38146
719 28315
21411 43174
45003 48421
45395 30139
6256 48134
4662 6442
18603 29943
29061 26819
9090 26589
39588 18511
8995 23094
26084 28882
41118 26546
17218 33748
11654 33893
35981 30745
29833 19033
24761 29711
39480 5175
32364 29428
4276 31922
1213 38727
45449 2622
20002 21503
19277 26407
40100 4531
48714 41960
35877 24965
9379 36617
6050 5502
10942 30380
8939 34983
4462 30967
8379 44124
8589 5670
9172 31604
28817 40201
19994 19163
39305 28385
49808 3762
45733 48192
47985 26385
10329 6407
31122 14057
23061 9605
18460 6324
46259 33859
6067 26063
45837 28348
5946 15245
44058 42879
6866 47332
41823 29086
44614 15034
11356 13358
45100 3475
49767 23904
31036 46754
6023 14528
39507 8321
13139 13321
30372 15533
47655 10686
12621 49844
9835 25917
22851 47650
15716 30961
32511 39227
26707 49955
9340 26997
9776 19547
37794 44545
17633 43391
46372 12824
12486 44343
25953 47580
25728 1120
2530 29465
1195 12837
27428 38243
39468 47969
39462 11528
10521 42979
24691 16027
42362 25439
39168 14195
45119 47374
38135 12708
29152 36281
18684 27281
21426 5549
26680 43181
40163 12731
36439 790
6833 5296
14232 17415
31321 7725
7218 7276
21349 30437
1577 33131
17011 6764
7840 9975
29936 5350
613 23295
34952 40132
27026 36387
15895 29727
17227 48371
20268 8270
15686 19467
43937 42472
3646 39924
28301 29827
14497 6175
31906 9718
48024 25545
1147 42042
38117 29701
30440 34314
7162 8874
6836 34876
24359 18249
49426 5011
41777 14263
22656 19981
8063 15916
5499 21259
10838 5625
6167 17618
49441 47871
29403 17275
27360 11458
35139 35545
29185 34044
5416 5656
10126 38806
31724 21457
7101 21549
29220 42613
2542 39438
19936 7086
16122 37674
35989 18406
8179 45398
17051 12796
48540 1638
19489 17362
6722 21189
40374 45255
20119 2730
11167 16348
46741 21373
23482 4270
6237 18919
39482 31879
38174 19457
39705 14673
19111 45773
29230 23107
22510 49765
39213 43925
43242 23474
36914 22333
17740 43387
13534 17896
23931 37418
35431 15367
14870 34820
630 27808
37240 43644
817 43599
23307 17004
9273 47220
28260 23050
9457 31516
14665 35601
17153 8724
16044 3364
10256 5155
2017 38433
31811 46896
40424 19510
34578 18527
9802 10240
48664 31262
17131 30245
43629 39862
48842 46906
23362 49888
5861 15727
22964 39480
287 43881
35697 16097
38134 34573
49677 26399
44915 42563
44175 20883
25243 45698
12808 35592
16017 6472
14139 309
10972 8657
13572 29193
16129 28222
25482 12613
19666 37198
34848 15735
45374 3877
1872 43120
12818 42625
37062 33094
27250 27049
32579 49499
2579 6026
7112 38623
11994 14944
27762 19036
8114 35701
26468 16841
33753 36650
45823 24005
21409 4093
28911 45244
46233 12273
21507 41486
44181 13885
23533 40103
37021 42101
16364 20938
24498 42851
37223 1962
48197 20139
18714 25948
41114 24887
15742 20016
17253 13737
45098 6873
13383 47147
22178 10638
4468 25751
24614 4412
43975 42874
32675 48723
811 46536
12071 42884
20958 38952
28615 45604
33550 34452
25017 17350
29858 15320
11235 32630
14646 6376
662 9460
43268 47821
27790 34424
9043 33497
39181 7447
34082 6930
23612 14585
1889 49127
9346 21977
25860 26641
29033 45882
11876 33006
9054 32936
23931 12517
6246 40693
26917 31172
18222 19823
49087 12086
27431 27091
36689 40828
887 17289
3460 37162
43608 39213
46066 12130
31126 39598
11452 20241
19745 32057
7779 24917
48928 24832
35233 9874
10979 9518
5798 6640
43959 2845
29807 17271
20706 23909
31378 11087
6660 36566
4654 31782
2243 7343
48821 41322
2605 49134
29719 33478
5796 41807
35240 23081
30995 37908
19699 4394
42835 21735
44851 12314
15303 28436
27516 25046
35918 8060
39366 20700
37875 2906
34137 781
38853 13345
35027 40652
30312 49092
1219 35739
18624 372
44371 35636
47611 19083
4763 3161
10376 24796
11452 19183
48088 10107
40676 36709
13097 40527
40546 25907
28709 8928
6759 30656
30632 45834
33281 29069
27439 48161
48984 42194
19163 9209
24960 37697
10673 22107
32398 10494
2209 8811
39892 9079
35299 27741
32615 38344
25338 28045
22632 27632
37385 27447
43559 1282
45181 5012
17172 7978
11988 3231
29453 35865
5466 38473
4836 6435
11385 696
4838 19664
47000 18897
45852 46666
3048 39126
14741 13096
1293 35661
21118 27598
20226 16502
29248 20037
10052 31646
11704 45089
49976 45969
14802 18181
37054 44904
41172 3964
12670 13087
24805 22045
29069 39461
40554 6468
177 19222
44477 48404
41438 39383
20687 11074
26664 6099
17186 4940
30790 37180
2490 2089
35816 28586
19332 41462
49967 44019
15648 18138
10446 46841
7135 31040
41332 7399
29452 16069
6105 18302
19529 45870
47285 11677
212 7965
47122 44485
40704 11205
41690 32663
18170 38227
44560 39499
39287 5143
3699 45444
19552 11936
31589 47002
7212 24983
43367 33905
6744 8628
30413 32320
22215 25555
3085 10576
12813 40202
16109 38196
25565 21342
23929 31379
24047 40887
43106 13950
31712 291
38289 33953
44277 42577
44171 16882
18550 33151
17435 26703
44078 42952
1673 4087
41813 38091
26090 40570
12960 22104
40673 33547
46528 11550
36660 46242
22725 37036
27774 41412
48832 32096
15561 9853
2361 7860
10702 25100
28760 32566
25060 3951
17549 22770
34874 6446
3725 44396
26504 43063
35546 15689
45493 16126
10656 45643
8671 44151
25530 15523
27082 31485
41581 11206
26051 16329
4814 18782
20894 41133
33484 7515
10918 21809
27206 18618
1514 36996
13195 19662
17499 3298
15831 36291
16873 33314
34558 2673
16864 10814
35788 38838
4492 38279
17120 19418
39241 32050
17306 15001
1341 30880
7225 48185
13672 48443
37883 11879
12046 6742
1846 40670
3212 45904
10118 15624
17798 28692
42096 16249
37024 32607
31922 22318
11467 24754
46885 28472
3069 49346
45371 39790
40085 29978
9388 16981
42038 25652
25534 14595
5490 27461
7326 1919
41041 4748
11443 22151
9131 30512
22052 6312
15939 13526
21184 49564
11905 38466
4915 5558
32166 21314
37737 28995
21850 36320
32094 13991
46619 41695
6432 35076
13102 41594
29956 37743
32913 42856
471 44948
27134 12794
9576 27287
2242 40028
30049 2667
33392 30657
12699 27230
34616 623
36847 19432
45039 4114
12480 1205
32680 6284
46680 3701
7905 31309
240 20636
23791 42752
48896 7368
38384 11351
22473 20207
25446 43098
28976 48675
35302 48831
8566 28996
3158 6211
49329 22513
7100 10663
34529 45241
6461 15220
8966 13463
22900 13273
23745 18998
39600 49668
19466 46884
29823 28148
20828 15574
10121 340
26036 17923
15929 35569
941 43024
11080 11360
9652 13655
10188 46998
43419 7165
32639 9763
42721 44668
9521 7186
21964 39038
46685 40698
10388 21853
17315 3760
11054 13470
8186 41391
4991 21492
47097 28907
46901 40518
39125 39246
46014 31706
22057 26255
693 6872
11884 7922
48568 13485
741 35038
37557 37655
24759 35011
30980 30670
6247 40544
33541 46889
27929 49456
39598 30180
9714 17024
32550 19051
14936 45220
22867 32779
30309 46410
48738 36297
35746 46170
11914 49934
19700 1303
39191 17154
32803 2054
23758 21669
18629 30730
22580 17868
5296 23260
2423 6720
39937 9893
40552 48767
27009 8435
27372 6465
1045 15895
24811 24704
2887 778
49977 36167
40808 46242
30550 44998
14997 40467
46258 13147
25945 30996
26062 36156
33125 40226
23330 15471
36066 9748
17704 602
23957 16376
48240 42798
25059 40626
49663 32745
23620 20424
33514 33299
34145 18675
19755 47600
46614 8177
266 47974
34180 34488
16650 19625
48869 33122
28192 10290
23400 15545
45646 44315
23453 22127
3967 33769
3705 9959
46937 36789
13291 12119
17557 10934
22016 4726
35368 20823
2599 8365
22988 35078
