1 10
100 200
201 210
900 1000
113023 139049
96006 242255
144234 73951
83774 65920
57184 179715
249223 80498
48516 63160
142636 36702
86605 68167
197416 228775
146167 215303
120585 110202
206946 217437
47673 115378
241273 31259
201101 206433
83562 139231
170217 114700
83512 95710
20729 212655
96066 68481
176375 11680
142993 205974
22153 16700
201847 31338
30864 115737
455392 346287
326378 431695
353693 424744
420006 352519
485285 352053
445907 281856
373808 430977
430585 498582
450573 499245
327105 278583
269761 480172
384707 288739
459281 330783
453775 391105
292455 478989
256082 393543
348364 312100
481897 313893
259550 309581
445575 428421
318962 363439
311559 332978
448000 429228
416944 428823
305695 286883
446170 318767
749311 598156
513743 744475
551459 734312
725165 697874
712067 580140
639617 510856
584440 725111
505727 583193
583998 667563
663862 725875
617882 623699
627380 733048
693471 719697
528782 512542
568383 616320
716599 538491
639653 594705
514195 589972
634420 622786
547200 736136
512329 600059
721417 510616
507308 651978
503267 596650
673814 534261
506252 634739
968656 780376
769352 992841
888500 815176
991393 838076
782324 933265
967816 840679
777762 774924
840906 927000
901190 862049
946235 909360
908317 772251
965190 952474
851526 968933
794958 830139
796892 890279
774066 981995
914841 992428
780547 763731
976089 930001
852987 752082
760956 903459
981666 954039
