1 666
666 1
666 666
12345 54321
49650 1271
36575 95196
48555 53594
18139 77202
12712 99731
54669 49820
50969 26993
3932 67252
42998 59043
31337 82256
6252 84150
31390 60869
27060 73353
30074 48397
30863 93712
33145 74939
27571 53296
41973 46244
40439 20686
27679 17305
7069 16493
44483 51457
41509 77241
21170 44703
36421 52330
52750 35315
28646 93284
11436 53722
4781 55654
10146 48990
10193 77925
28438 99341
9759 19469
29293 51915
13179 94879
49022 87437
14559 31305
3365 57313
54844 41757
26299 39454
2639 12192
55360 41530
24685 87667
54275 51400
4655 24657
2791 98851
32880 44053
37297 16416
16438 629
46876 45386
5179 94975
42806 20032
46043 84012
29356 38837
43299 43923
37450 94044
53287 38145
38127 27510
3246 45207
41433 33194
40379 76298
10320 67421
14715 37643
47373 52972
40961 56878
48622 91601
11547 27880
4413 18582
22390 3603
23901 23559
24426 82985
2248 85558
8052 39120
26072 358
39798 92031
16096 20511
8733 87825
25772 8567
31636 8567
7928 99439
1548 77722
49870 72188
19575 84339
7918 44598
14391 49023
5541 94016
26844 52352
6085 41702
26870 44285
51615 30129
39290 39853
22918 78242
50794 42260
12154 62683
30171 1522
18460 31708
34510 2822
24821 27821
47444 36396
30872 64408
