1 1
10000 1
3735 5703
1865 9736
7251 2284
349 6024
2124 9547
8636 6255
4157 1564
9526 7075
7388 6591
7370 4572
6772 3969
3019 35
2593 4964
435 2171
5366 7879
1099 518
1232 9250
136 2824
4745 5336
8355 7460
8242 6684
5812 8009
7961 203
1233 1173
251 6723
9657 1741
4131 1620
4697 2887
7731 2797
9879 6349
4716 6337
452 9674
2643 4494
4126 7092
5779 2866
115 9661
5951 1378
1858 2997
3288 3555
4672 9478
4066 1755
3953 1021
8093 9781
7806 7259
7564 6982
1392 9746
6951 3507
811 9623
3854 5936
3923 2944
950 3023
3486 70
5488 2726
9973 5542
5605 1619
1347 8425
150 7450
7159 4452
7053 9825
8107 3563
3556 7499
213 9931
8281 5417
1940 8730
1627 5267
5719 2162
4 3872
2425 5988
6173 6056
6972 2152
7768 122
6558 3872
8725 9624
5290 8847
9937 3454
9731 2403
1433 8548
7608 4169
20 7793
4481 7197
1425 2309
8189 7121
3373 2588
7845 7831
3419 1887
6279 5238
4279 8456
3939 8011
4215 7488
7814 5191
8349 4623
426 8754
8645 6609
4099 3470
5992 7990
7871 2517
6038 325
627 3600
2781 4369
964 7527